MAE: 20559.760757264074
RMSE: 52237.53052360361
R2: 0.6442446485981834
